"subject_number" "activity" "gravity_accel_mean_x" "gravity_accel_mean_y" "gravity_accel_mean_z" "gravity_accel_stdev_x" "gravity_accel_stdev_y" "gravity_accel_stdev_z" "body_gyro_mean_x" "body_gyro_mean_y" "body_gyro_mean_z" "body_gyro_stdev_x" "body_gyro_stdev_y" "body_gyro_stdev_z"
1 "laying" -0.24888179828 0.70554977346 0.4458177198 -0.8968300184 -0.90772000676 -0.85236629022 -0.016553093978 -0.064486124088 0.14868943626 -0.87354386782 -0.9510904402 -0.9082846626
1 "sitting" 0.831509933404255 0.204411592680851 0.332043702765957 -0.968457145744681 -0.935517055957447 -0.949040933191489 -0.045350056512766 -0.0919241549361702 0.0629313811914894 -0.977211283191489 -0.966473895319149 -0.941425920851064
1 "standing" 0.942952000377358 -0.272983832264151 0.0134905823226415 -0.99376298509434 -0.981225957924528 -0.976324063584906 -0.0239877347979245 -0.0593972209811321 0.074800751 -0.987191946603774 -0.98773444 -0.980645626981132
1 "walking" 0.935223201473684 -0.282165021263158 -0.068102864 -0.976609642526316 -0.971305961473684 -0.947717226105263 -0.041830963526 -0.0695300462115789 0.0849448173042105 -0.473535485894737 -0.0546077686594737 -0.344266629473684
1 "walking_downstairs" 0.931874418979592 -0.266610338979592 -0.0621199585938775 -0.950559811632653 -0.937018658979592 -0.895939695102041 -0.0350781902989796 -0.0909371290204082 0.0900850142030612 -0.458030542938775 -0.126349194938775 -0.124702454242857
1 "walking_upstairs" 0.89335109754717 -0.362153364339623 -0.075402939754717 -0.956367027924528 -0.952849233207547 -0.912379410377358 0.050549379754717 -0.166170015088679 0.0583595463981132 -0.544871104528302 0.00410518379811321 -0.50716867490566
2 "laying" -0.509754238125 0.752536639375 0.646834879583333 -0.959014441458333 -0.988211865208333 -0.984230418125 -0.01847660675 -0.111800824583333 0.144882846104167 -0.988275232916667 -0.982291608958333 -0.960306560416667
2 "sitting" 0.940477273043478 -0.105630024498783 0.19872676876087 -0.979988760869565 -0.956750273043478 -0.954415873043478 -0.0454706620434783 -0.0599286797043478 0.0412277462173913 -0.985742027826087 -0.978919526956522 -0.959803708695652
2 "standing" 0.896928566851852 -0.370062696851852 0.129747161222222 -0.986685818703704 -0.97419442037037 -0.945927078703704 -0.0238623875712963 -0.0820396577592593 0.0878351695481481 -0.972998629814815 -0.971441996481481 -0.964856701851852
2 "walking" 0.91301733338983 -0.34660709 0.0847270871186441 -0.972693201355932 -0.972116879661017 -0.972072847627119 -0.0530258157347458 -0.0482382316949153 0.0828336633220339 -0.561550255762712 -0.53845366779661 -0.481085535084746
2 "walking_downstairs" 0.861831345531915 -0.325780100638298 -0.0438890162723404 -0.940361759574468 -0.940068525531915 -0.931438313191489 -0.11594735287234 -0.00482329231914894 0.097173808906383 -0.320789230008511 -0.415739144893617 -0.279418388042553
2 "walking_upstairs" 0.790717418541667 -0.416214890416667 -0.195888238891667 -0.934407739791667 -0.92376745375 -0.878004056875 -0.0576912634583333 -0.0320883097395833 0.0688374021666667 -0.439253058958333 -0.466298336666667 -0.163995791679167
3 "laying" -0.241758478064516 0.837032099677419 0.48870318516129 -0.982512193064516 -0.981202749677419 -0.964807543870968 -0.0208170540330645 -0.0718507159435484 0.137999561112903 -0.974545752096774 -0.977272653709677 -0.963505609032258
3 "sitting" 0.901098984615385 0.127303379245962 0.139020582461538 -0.957324457884615 -0.903923008269231 -0.897736318269231 -0.0385365204807692 -0.07524100275 0.0940113975530769 -0.965434768461538 -0.944854571346154 -0.926413710384615
3 "standing" 0.93503077852459 -0.301735130327869 0.024763106752459 -0.982020428032787 -0.957425321803279 -0.928161577377049 -0.0246626070770492 -0.0585101918262295 0.0665262054098361 -0.900462227540984 -0.927788618196721 -0.91236408147541
3 "walking" 0.936506743275862 -0.261986357931034 -0.138107866258621 -0.97777159137931 -0.962355639482759 -0.952091795 -0.0256405192517241 -0.0779150937413793 0.0813485942827586 -0.571869560172414 -0.563793260172414 -0.476696411551724
3 "walking_downstairs" 0.939057787755102 -0.228829214285714 -0.102352758040816 -0.950061129591837 -0.946094637755102 -0.899943947755102 -0.13157327645102 -0.0139358043959184 0.123826738353061 -0.261653414014286 -0.546740387959184 -0.44230776755102
3 "walking_upstairs" 0.883533436101695 -0.382851153728814 -0.162943955254237 -0.944040819322034 -0.909825953898305 -0.909469675084746 0.0721980309322034 -0.139275405637288 0.0215603697 -0.456039262525424 -0.582742845932203 -0.492327305084746
4 "laying" -0.420664662222222 0.915165104259259 0.341531310555556 -0.921199965925926 -0.969816635740741 -0.976176608888889 -0.00923156347222222 -0.0930128180759259 0.169720404092593 -0.973102422222222 -0.961109291851852 -0.962073755
4 "sitting" 0.8693030064 0.211622539936894 0.11012048108 -0.9814052948 -0.93272710386 -0.9509492546 -0.04944351156 -0.08943006108 0.10115033478 -0.9701317904 -0.9584681204 -0.9279722294
4 "standing" 0.95619779125 -0.0759009061071429 0.166893825946429 -0.972908355892857 -0.917613464821429 -0.899404775267857 -0.0306449342357143 -0.061824850625 0.0755636430892857 -0.909687974464286 -0.949227146964286 -0.909995038571429
4 "walking" 0.963999696833333 -0.0858540265666667 0.127764112666667 -0.983826494833333 -0.967963221 -0.962968112 -0.0317982557795 -0.0726905278583333 0.0805677161216667 -0.500916659 -0.665394092833333 -0.662608226
4 "walking_downstairs" 0.947731858666667 -0.0620852772955556 0.148714808888889 -0.955258881333333 -0.932066041111111 -0.937753794444444 -0.102838822533333 -0.0704025952333333 0.05926394948 -0.370244695288889 -0.699453537111111 -0.498480800444444
4 "walking_upstairs" 0.946264314423077 -0.232944304615385 0.0841675382884615 -0.958495235576923 -0.923376019038462 -0.919619453269231 0.0393825198942308 -0.0859471683596154 0.0843753843384615 -0.454431043269231 -0.551185569230769 -0.360811047884615
5 "laying" -0.483470597692308 0.954890346153846 0.263644691923077 -0.945695336153846 -0.985964053846154 -0.977076645 -0.0218935013501923 -0.0798709596153846 0.159894366942308 -0.979498706538461 -0.977427370576923 -0.960583776923077
5 "sitting" 0.880731443863636 0.168445524 0.143006857611364 -0.983137541590909 -0.939942979795454 -0.945008999545455 -0.0422355209795455 -0.0835484079545455 0.0823934451590909 -0.966225485 -0.950064068181818 -0.940637937045455
5 "standing" 0.960188699107143 -0.03871012665 0.138638436607143 -0.974088206071429 -0.931973943392857 -0.914608495714286 -0.0322711902673214 -0.050987505 0.0690945763946429 -0.910395222321429 -0.933738104107143 -0.907471555714286
5 "walking" 0.972624959821429 -0.100440285303571 0.00247623628392857 -0.979348381428571 -0.961585474821429 -0.964580803928571 -0.0488919896632143 -0.0690135249642857 0.0815435495892857 -0.490877497857143 -0.504622029821429 -0.318700615178571
5 "walking_downstairs" 0.956649352553192 -0.0607578318319149 0.0216777910246191 -0.950490938510638 -0.912363420851064 -0.927192732978723 -0.068294569906383 -0.0707805998787234 0.0806559989574468 -0.46064684487234 -0.409134149148936 -0.227869042382979
5 "walking_upstairs" 0.936821834893617 -0.265942569148936 -0.0232035364248936 -0.95357996893617 -0.900511719787234 -0.92141958 0.0395191121489362 -0.117195551802128 0.0424442819489362 -0.443342262340426 -0.440345826382979 -0.26545133312766
6 "laying" -0.47670987877193 0.956593814210526 0.175867709021053 -0.887746310350877 -0.959161956491228 -0.928130738421053 -0.0079605026754386 -0.107218315054386 0.179102058245614 -0.955378225087719 -0.943634949473684 -0.939141878596491
6 "sitting" 0.933692934909091 0.0682628663363636 0.0695219657167273 -0.988872369272727 -0.960875994727273 -0.955475832363636 -0.0372442282830909 -0.0899083302550909 0.0854346006181818 -0.957367681818182 -0.944130044727273 -0.939681350909091
6 "standing" 0.945139003859649 -0.230251036140351 0.0139193473596491 -0.985583066842105 -0.96844910122807 -0.942795062280702 -0.028251913022807 -0.0589823639438597 0.0767394745964912 -0.947561298596491 -0.94248658631579 -0.947782155964912
6 "walking" 0.958067455087719 -0.214694852280702 0.0331888826842105 -0.977779896491228 -0.964248568070175 -0.957205025789474 -0.025509618645614 -0.0744462466 0.0838808799280702 -0.446020952631579 -0.331702267894737 -0.383139334736842
6 "walking_downstairs" 0.928531455208333 -0.214046334375 -0.00307981704708333 -0.9544062675 -0.93357760125 -0.934378766458333 -0.0960837437708333 -0.0341782208604167 0.0870012595210417 -0.19830385328125 -0.18922957 -0.0940797929729167
6 "walking_upstairs" 0.913632241568627 -0.340732608823529 -0.0184608964392157 -0.959399425098039 -0.912900683137255 -0.906196352156863 -0.0767406825588235 -0.0518981989072549 0.0664234025976471 -0.321973723647059 -0.315799901607843 -0.18390018167451
7 "laying" -0.502814250576923 0.393444278076923 0.907537823461538 -0.914221270096154 -0.955543549230769 -0.961908984423077 -0.00282641913096154 -0.133605695057692 0.155920029769231 -0.9601268225 -0.945071935384615 -0.955294890576923
7 "sitting" 0.969147824375 0.00608846646041667 0.0649636250354167 -0.957082433333333 -0.945436264583333 -0.868602535416667 -0.04963797197125 -0.03361196465625 0.0259476655145833 -0.941870953333333 -0.944124336458333 -0.937021208541667
7 "standing" 0.958728687924528 -0.117607048924528 -0.0516573721320755 -0.987917503962264 -0.966162998679245 -0.939161014716981 -0.0291582212545283 -0.0774336443396226 0.0851045000566038 -0.945247687358491 -0.949646946792453 -0.951630777358491
7 "walking" 0.932566472280702 -0.159097003684211 -0.160846924029807 -0.979851271403509 -0.969404155087719 -0.952159770526316 0.00228835208526316 -0.0837113724842105 0.0641104602035088 -0.503313517017544 -0.23109830545614 -0.396013535263158
7 "walking_downstairs" 0.930623632765957 -0.12987167306383 -0.154935538544681 -0.964875962978723 -0.952678693617021 -0.92875646893617 -0.105409612961702 -0.049717460606383 0.116894769042766 -0.407744096 -0.29262613606383 -0.401051415531915
7 "walking_upstairs" 0.81874656 -0.240950944117647 -0.403599709607843 -0.932823053333333 -0.939774255490196 -0.881675909607843 -0.138778108029412 -0.00247161973 0.139217071509804 -0.363853236862745 -0.572996820784314 -0.348980051411765
8 "laying" -0.405930036111111 0.589922434814815 0.719831539259259 -0.918873192333333 -0.957990036481482 -0.94183626337037 0.00535361206851852 -0.0891374138592593 0.13818830737037 -0.965204017592593 -0.952039385740741 -0.96758975462963
8 "sitting" 0.832453878043478 0.240095117065217 0.263895185521739 -0.966757967173913 -0.937462301369565 -0.935475331521739 -0.0547396987173913 -0.0955089236521739 0.0716048809782609 -0.984524052826087 -0.97150069673913 -0.959623548478261
8 "standing" 0.957669921111111 -0.0904603488214815 -0.0979392024814815 -0.987690217222222 -0.958904114074074 -0.918293913703704 -0.0219671978203704 -0.0280117633814815 0.063688907 -0.972990379814815 -0.969421045555556 -0.974118322407407
8 "walking" 0.913586347916667 -0.217102194583333 -0.186267836962021 -0.974752050208333 -0.956781505625 -0.956640104791667 0.0235088228254167 -0.095791790535 0.0509657915395833 -0.1992097184375 -0.2119972775 -0.0754447842395833
8 "walking_downstairs" 0.914023498421053 -0.187610243421053 -0.141817934963684 -0.945766561578947 -0.941580934473684 -0.897190012631579 -0.121189625973684 -0.0500760173342105 0.114143855152368 -0.258430885531579 0.0243131207736842 -0.129565242710526
8 "walking_upstairs" 0.860368718780488 -0.291341491707317 -0.192306960631707 -0.926673287804878 -0.931032068536585 -0.876168930487805 0.19270447595122 -0.204205356087805 -0.0724546025804878 -0.367428367219512 -0.0666980861414634 0.337526477436585
9 "laying" -0.5802528348 -0.1191541962 0.9578730416 -0.9218210626 -0.9699944882 -0.9712046902 -0.013632036148 -0.15890291983 0.101275010682 -0.9422465098 -0.9266185314 -0.9615953704
9 "sitting" 0.9163245106 -0.0414258228938 0.085263099144 -0.9552804062 -0.94645197 -0.88585411242 -0.042328876778 -0.04142711812 0.0807919285908 -0.9590200492 -0.9191882264 -0.9301768338
9 "standing" 0.961323502222222 -0.010383816474 0.00914769235555555 -0.989103160444444 -0.972573867555556 -0.932245295111111 -0.029183136346 -0.060810158296 0.0992409332222222 -0.921990612 -0.946046640444444 -0.939889737333333
9 "walking" 0.951867079615385 -0.0314341738730769 -0.115856121080385 -0.980971973653846 -0.971242423076923 -0.955523995576923 -0.0808360598653846 -0.0625598710615385 0.111629779896154 -0.476163506730769 -0.467054167884615 -0.265683521346154
9 "walking_downstairs" 0.938417773333333 -0.0352304645104762 -0.082276174942619 -0.952141220714286 -0.936306558809524 -0.876641297380952 -0.0916383011071429 -0.0712598843142857 0.116804400690476 -0.396429197952381 -0.340765233142857 -0.279685150191905
9 "walking_upstairs" 0.902647777755102 -0.0377947824285714 -0.266009866857143 -0.954383557142857 -0.901317321632653 -0.89407107877551 -0.16396719 -0.0412587909579592 0.14569462592449 -0.343976630734694 -0.400859067959184 -0.138176481058776
10 "laying" -0.453069737586207 -0.139297681034483 -0.031121624137931 -0.954531941896552 -0.966701156034483 -0.963045642431035 -0.019555937162069 -0.0770325657265517 0.104720478344828 -0.961713199827586 -0.953660207586207 -0.971940597413793
10 "sitting" 0.791887198148148 -0.041260775 0.20253457287037 -0.973128354074074 -0.935690006481481 -0.966898520555556 -0.0432432176851852 -0.0679993598888889 0.0745958869444444 -0.988873097222222 -0.984373304814815 -0.960445962037037
10 "standing" 0.954008785454545 -0.0431597830454545 0.0346980210431818 -0.991259485 -0.975410724090909 -0.959579657727273 -0.0281854325604545 -0.0876820486363636 0.103251560681818 -0.929895057954545 -0.958861164090909 -0.953681099545455
10 "walking" 0.963092149811321 -0.0838277013962264 0.0549276242264151 -0.974435158113208 -0.971114719811321 -0.957862728301887 0.0106894976215094 -0.0819540783760943 0.0986695731160377 -0.414205475283019 -0.250853318679245 -0.174524868603774
10 "walking_downstairs" 0.939807421052632 -0.0646160768947368 0.0418715409263158 -0.939267613157895 -0.937003823684211 -0.902085224736842 -0.124839594289474 -0.106742538831579 0.0724433685578947 -0.304745377026316 -0.311407525263158 -0.0353021837
10 "walking_upstairs" 0.931861027446809 -0.0565670278723404 0.0227527702016383 -0.959216072340425 -0.937039417446809 -0.864745838297872 0.0733447168425532 -0.0954600216446809 0.0879664182957447 -0.308534708121277 0.0411724668680851 -0.320509332297872
11 "laying" -0.134832031403509 0.943017941403509 0.112620189964912 -0.97956560245614 -0.990765579649123 -0.984192606315789 -0.0191743840136842 -0.041559989822807 0.152019015929825 -0.980836884561403 -0.982442644035088 -0.959897432807018
11 "sitting" 0.871963798301887 0.213716305739623 0.188531695981132 -0.988069341132075 -0.949792572075472 -0.971661610754717 -0.0399984915849057 -0.0755284478679245 0.0761739419056604 -0.988164911509434 -0.982249040188679 -0.95284431245283
11 "standing" 0.956464535957447 -0.173082704680851 0.127198423404255 -0.994529398085106 -0.981047828723404 -0.989433253617021 -0.0293141521489362 -0.0765465041914894 0.0810588216170213 -0.980242494680851 -0.994210471914894 -0.980636664893617
11 "walking" 0.946468451355932 -0.212045870169492 0.134053215101695 -0.98110101440678 -0.966240553559322 -0.960852684067797 -0.0426928995457627 -0.0705104974254237 0.0843744495507542 -0.596346930847458 -0.499625287288136 -0.434178202542373
11 "walking_downstairs" 0.941746406521739 -0.200321942608696 0.132371684891304 -0.954497498695652 -0.926310469565217 -0.925814906086956 -0.12506869905 -0.0262775345369565 0.057524457376087 -0.374069023580435 -0.495911719565217 -0.318959594782609
11 "walking_upstairs" 0.892626155555556 -0.343576924814815 0.146633747092593 -0.953463105740741 -0.924360832962963 -0.906933171111111 -0.0820909701727778 -0.0566928808703704 0.0638054379968518 -0.501331630185185 -0.28204453962963 -0.694658851666667
12 "laying" -0.3785920653 0.8033788345 0.2750431984 -0.936458309333333 -0.974396492666667 -0.9596439555 -0.0146546807316667 -0.0835537350333333 0.14519184795 -0.966090742 -0.953873893833333 -0.950157442166667
12 "sitting" 0.926228975490196 0.0830509010823529 0.0885640696078431 -0.985203642352941 -0.963641979215686 -0.956208629607843 -0.0424159182941176 -0.0751980398235294 0.0728462158235294 -0.974425351960784 -0.960497127647059 -0.951552533137255
12 "standing" 0.957317821803279 -0.21886535557377 -0.0395382767304918 -0.985314210491803 -0.970482614590164 -0.939534099016393 -0.0300030427426229 -0.0700083750360656 0.074256819 -0.883655251803279 -0.941469207540984 -0.950364757540984
12 "walking" 0.9668735148 -0.1559834498 -0.03608428788 -0.97911312 -0.9646191738 -0.9502762272 -0.1045136708758 -0.03442910782 0.0999739123004 -0.5462634706 -0.4494013978 -0.35017028664
12 "walking_downstairs" 0.949861980652174 -0.178702175434783 -0.0561050624630435 -0.959504017391304 -0.94329842826087 -0.935399348043478 -0.112531564434783 -0.0427336692521739 0.0895434978391304 -0.362143061643478 -0.47628774326087 -0.337806681456522
12 "walking_upstairs" 0.938371473269231 -0.259144202692308 -0.0702503820961538 -0.960246289807692 -0.941378352307692 -0.938071183269231 -0.0931234101769231 -0.0411314519307692 0.0898022757730769 -0.526659296134615 -0.522949798269231 -0.349614606153846
13 "laying" -0.156852206467742 0.656400944354839 0.598884988709677 -0.957875244677419 -0.975948136290323 -0.959892863709677 -0.00973609968045161 -0.0966250701451613 0.117819614790323 -0.972143470322581 -0.96270462 -0.967350513709677
13 "sitting" 0.92557651244898 0.101769752489796 0.0757773858163265 -0.981379112653061 -0.951353064693878 -0.930979556938776 -0.0355124856836735 -0.0902687401836735 0.0823432026610204 -0.985844263265306 -0.979668456122449 -0.966896414285714
13 "standing" 0.942695296842105 -0.239943146315789 -0.0524856614035088 -0.992232401754386 -0.974681225789474 -0.976827157368421 -0.0295492164431579 -0.0753205243684211 0.085471246877193 -0.955577395789474 -0.971721755964912 -0.973436596140351
13 "walking" 0.910855709298246 -0.283658580877193 -0.131299718666667 -0.97254492245614 -0.960899845614035 -0.948637587719298 -0.0174207634701754 -0.0798472502663158 0.0784205641252632 -0.376059914210526 -0.290023550315789 -0.363369948070175
13 "walking_downstairs" 0.941875619787234 -0.211555112553191 -0.0950820341687234 -0.952643084042553 -0.92854437106383 -0.893962984042553 -0.122672201757447 -0.0237205719148936 0.111284239655957 -0.417014161553191 -0.198848161170213 -0.322774082765957
13 "walking_upstairs" 0.847634313454545 -0.357404501636364 -0.207507170584727 -0.946441502363636 -0.922054968727273 -0.910271096181818 -0.13829376226 0.00381966911090909 0.116679563256364 -0.541066687090909 -0.403572169636364 -0.211805111745455
14 "laying" -0.145483631627451 0.48539692745098 0.83656291 -0.862136937254902 -0.94877486372549 -0.90130385627451 0.00505221181607843 -0.153423807745098 0.149124058235294 -0.957221015098039 -0.932499780588235 -0.952296965294118
14 "sitting" 0.939038759814815 -0.0364533962277778 -0.0945970534814815 -0.976280399444444 -0.95032266362963 -0.938415738148148 -0.0440403326851852 -0.0713478280925926 0.0928523607037037 -0.980829981481481 -0.962048191666667 -0.952904383518518
14 "standing" 0.875319569 -0.226692231166667 -0.338174888666667 -0.972005366333333 -0.965781048333333 -0.940757718 -0.0220886526891667 -0.05581088271 0.07904758875 -0.9610917615 -0.9462806205 -0.946589134666667
14 "walking" 0.802973961525424 -0.270314822881356 -0.422495268474576 -0.974816884237288 -0.954455935762712 -0.947516969830508 -0.00347655062271186 -0.0829682847966102 0.0513222717627119 -0.60038822220339 -0.0148392604279661 -0.12609080020339
14 "walking_downstairs" 0.81629643 -0.264254674666667 -0.392555882222222 -0.919098794 -0.920725940666667 -0.879565316666667 -0.0147079653333333 -0.0945288409066667 0.0353344537555556 -0.354551638377778 0.0569902222622222 0.356198597177778
14 "walking_upstairs" 0.688256122222222 -0.322680364814815 -0.49508872037037 -0.928523640925926 -0.907231431296296 -0.875450819074074 0.0813841685037037 -0.123499570044444 -0.0441381886666667 -0.454283337592593 0.476518714444444 0.564875818162963
15 "laying" -0.1719930545 0.899242553055556 -0.0369192905555556 -0.961509742916667 -0.986036192361111 -0.950710357083333 -0.0168300887791667 -0.0619700871944444 0.113451899791667 -0.957167680694444 -0.961142911805556 -0.956537051666667
15 "sitting" 0.89036426220339 0.210849305016949 0.00281565980440678 -0.982620883728814 -0.943561411694915 -0.952973658983051 -0.0377111130338983 -0.0803428762830509 0.0951978083898305 -0.988204115254237 -0.975321519491525 -0.963765802881356
15 "standing" 0.965528899622642 -0.164713175490566 0.0645975994528302 -0.988432084716981 -0.965687978301887 -0.958810153207547 -0.0262433562254717 -0.0659637517169811 0.0761946738773585 -0.947790802075472 -0.971332584339623 -0.968167046415094
15 "walking" 0.951524391481481 -0.233918282592593 0.0757356734814815 -0.978397287962963 -0.971056501481481 -0.95805876537037 -0.0554883847662963 -0.06124278833 0.0842484921022222 -0.329624620185185 -0.420865007777778 -0.48653265537037
15 "walking_downstairs" 0.932302200476191 -0.167462317142857 0.0788822410992857 -0.942806478333333 -0.925685893571429 -0.93400831 -0.136618653071429 -0.0346755727619048 0.0711758197607143 -0.318692525928571 -0.37320816 -0.250648085714286
15 "walking_upstairs" 0.918544812291667 -0.3149610125 0.0811803405 -0.952562395625 -0.927648821458333 -0.92161847875 0.0903340029875 -0.154721289270833 0.0911681484547917 -0.415251317916667 -0.3302332351 -0.477365945208333
16 "laying" -0.206783742242857 -0.0199270225714286 0.893884468571429 -0.963761977857143 -0.966087103857143 -0.967886002 -0.0161545406857143 -0.113675060885714 0.0966210349428571 -0.977010769857143 -0.970747514 -0.984781484857143
16 "sitting" 0.942457377971014 -0.086588253942029 0.0892682200463768 -0.980158243333333 -0.968023206956522 -0.945813561478261 -0.0412014042275362 -0.0574525433043478 0.0795736310463768 -0.981037373333333 -0.958336595507246 -0.960287831304348
16 "standing" 0.941587749358974 -0.0578867045 -0.166737468166667 -0.985359689871795 -0.980552435769231 -0.959562830769231 -0.0299337294166667 -0.068667733 0.0867342708846154 -0.973400107564103 -0.980110277307692 -0.982357006410256
16 "walking" 0.925981326078431 -0.0668246472745098 -0.217351194313725 -0.982469595490196 -0.973784841960784 -0.961387254313726 -0.0151721912792157 -0.0695955689607843 0.0818650735686274 -0.654171847058823 -0.612593634117647 -0.365489530588235
16 "walking_downstairs" 0.917818427021277 -0.0584832676382979 -0.225382496382979 -0.957785118085106 -0.955487793617021 -0.910588943191489 -0.0225373369978723 -0.068264792706383 0.0835380057 -0.45418847106383 -0.528329304680851 -0.444636334893617
16 "walking_upstairs" 0.826874282745098 -0.0805926025490196 -0.379059698039216 -0.948413552745098 -0.933657461176471 -0.907649558823529 0.0718408878078431 -0.0486136789705882 -0.00779288021764706 -0.508087166666667 -0.58638289372549 -0.365025170078431
17 "laying" -0.19913309 0.658792072253521 0.722657502112676 -0.961063222394366 -0.961466681267606 -0.957164565211268 -0.0234756467113239 -0.0944580192535211 0.111440490309859 -0.975893061830986 -0.971484336197183 -0.976200771267606
17 "sitting" 0.94488374765625 -0.002814673171875 -0.135803881679687 -0.99019661703125 -0.9667201059375 -0.9566106440625 -0.042549159015625 -0.0669245931234375 0.0860053803375 -0.98963832578125 -0.98612868078125 -0.9797052259375
17 "standing" 0.904678547435897 -0.257486817948718 -0.202687757012821 -0.985751365769231 -0.975810476025641 -0.969171762179487 -0.0269576937130769 -0.0770632126371795 0.0880561869358974 -0.981373082948718 -0.985121164615385 -0.985538363333333
17 "walking" 0.92811236852459 -0.179927382704918 -0.190265949622951 -0.980983351639344 -0.968613202622951 -0.956903248196721 -0.00922265519180328 -0.0839773343770492 0.0757132656704918 -0.47981351295082 -0.454932903934426 -0.386044435409836
17 "walking_downstairs" 0.928817578043478 -0.151077057652174 -0.160962985956522 -0.950026242173913 -0.946576675652174 -0.901097766521739 0.0677728390673913 -0.123517195928261 0.0162878745776087 -0.370436868891304 -0.459281989565217 -0.468462984347826
17 "walking_upstairs" 0.853530565833333 -0.284153753333333 -0.298171464166667 -0.949460372291667 -0.91597346625 -0.930159843541667 -0.0304250571395833 -0.0548455941370417 0.0560931358145833 -0.496562732729167 -0.493044125208333 -0.234402350714583
18 "laying" -0.220600509076923 0.719755403692308 0.605495317692308 -0.982715987538462 -0.994093522615385 -0.990957249538462 -0.02517618068 -0.0837587308153846 0.0937781948153846 -0.992872598 -0.984202872923077 -0.985108386307692
18 "sitting" 0.909816469298246 0.12988647622807 0.161877417894737 -0.994043771403509 -0.984035479473684 -0.978340183157895 -0.0333057034385965 -0.0685796341105263 0.0848140511754386 -0.991956958947368 -0.986753343859649 -0.981525495438596
18 "standing" 0.947573239863014 -0.204206320958904 -0.0485767106575342 -0.994270075205479 -0.981335941917808 -0.976044291369863 -0.0265873248835616 -0.0732260127945206 0.0843190675616438 -0.962254249589041 -0.980417134246575 -0.972820402739726
18 "walking" 0.92386524875 -0.254317085892857 -0.0609313415892857 -0.983010882678571 -0.975311658928571 -0.97248384875 -0.0399399716026786 -0.0613727362975 0.0944718394625 -0.7044397775 -0.496431539642857 -0.511417204821429
18 "walking_downstairs" 0.932277478363636 -0.225809125454545 -0.0493636733454545 -0.960404874545455 -0.932962218181818 -0.921661749636364 -0.0576548655654545 -0.0636214336761818 0.0987471683127273 -0.502473033509091 -0.617230786 -0.483658260727273
18 "walking_upstairs" 0.883330258448276 -0.316619946206897 -0.106112549189655 -0.961738807068966 -0.942056881206897 -0.907839723965517 -0.0470683915017241 -0.0526133819862069 0.0906736478431034 -0.593841504137931 -0.507297003103448 -0.433922212068966
19 "laying" -0.680043155060241 0.725646622771084 0.68762385253012 -0.958959611084337 -0.986993149638554 -0.988819031566265 -0.0312072730559566 -0.0952628014096386 0.10860511373494 -0.981357611445783 -0.963617705662651 -0.973197523855422
19 "sitting" 0.581371509041096 0.360343534657534 0.489126594657534 -0.969355010136986 -0.96996981369863 -0.960394960821918 -0.0214151280054795 -0.0520207886438356 0.0968980718168493 -0.984625306849315 -0.959758309589041 -0.96559497630137
19 "standing" 0.944045837534247 -0.223897807808219 0.130643717849315 -0.992411542465753 -0.971426607808219 -0.958862043972603 -0.025090574020274 -0.0631429827260274 0.0710520180136986 -0.946109711917808 -0.96957632369863 -0.960734258356164
19 "walking" 0.935222559230769 -0.2233381 -0.0898428797307692 -0.9698614625 -0.958651200384615 -0.929187930961539 -0.0274970979894231 -0.0751569333730769 0.0798106981923077 -0.0264357957923077 -0.114406108840577 -0.104202986482692
19 "walking_downstairs" 0.881940855128205 -0.215018042307692 -0.126146868942821 -0.899726139487179 -0.917880864102564 -0.899363131794872 -0.205775427307692 0.0274707556666667 0.163962510807692 0.267657219333333 0.0483147743589744 -0.0314083457948718
19 "walking_upstairs" 0.8294283725 -0.3871007085 -0.2210087627 -0.916495992 -0.9010448505 -0.83693567475 0.0388537087875 -0.134514320575 -0.000233248224999999 -0.4068000325 -0.17263322355 -0.110117174875
20 "laying" -0.472431415573529 0.864882956617647 0.477573305 -0.928674215147059 -0.976018476911765 -0.9765185525 -0.0231760616308824 -0.0954899626029412 0.123680209926471 -0.984477414264706 -0.972941910294118 -0.972409893529412
20 "sitting" 0.924454522424242 0.0733385412878788 0.151679135228788 -0.985829034393939 -0.966983534242424 -0.935854966151515 -0.036405928969697 -0.0650689347121212 0.0642882138333333 -0.976309017121212 -0.960104508636364 -0.945771803484848
20 "standing" 0.911231752465753 -0.305938716712329 0.0708655286023288 -0.981916942054795 -0.957462721369863 -0.942437325616438 -0.0241335049573973 -0.0698308923617808 0.0773671448739726 -0.886749172739726 -0.903913940684931 -0.907343324657534
20 "walking" 0.899965205686274 -0.344443913137255 -0.035130214 -0.970327266470588 -0.962003383529412 -0.953850439607843 -0.0234104225980392 -0.074105054612549 0.0851359929294118 -0.23294061427451 0.0858321519372549 -0.165748467372549
20 "walking_downstairs" 0.91972663 -0.277419718666667 -0.0282591579777778 -0.940458075111111 -0.908577153777778 -0.919693532888889 -0.111367747557778 0.0139023395111111 0.103900480541333 -0.204939567711111 -0.146794177311111 0.159723529622222
20 "walking_upstairs" 0.777095717058824 -0.479894842941176 -0.130117634791765 -0.931405014313725 -0.92459435372549 -0.904064093529412 0.0659193258862745 -0.174650964745098 0.058701941845098 -0.492701193921569 -0.104722161186078 0.184119332796078
21 "laying" -0.174349174822222 0.599992678 0.788251027111111 -0.945905270555556 -0.983732936111111 -0.952416332444444 -0.0305126188777778 -0.113800486377778 0.0980906517 -0.975411857555556 -0.952147091444444 -0.981345430888889
21 "sitting" 0.940031368 0.0215206708823529 -0.0567766060705882 -0.992936404470588 -0.979355363176471 -0.965426493882353 -0.0198712820612471 -0.0653077503317647 0.0831326042823529 -0.988410501294118 -0.976380487294118 -0.976972658588235
21 "standing" 0.881213341910112 -0.346155558876404 -0.207685689775281 -0.982906668876405 -0.977681415955056 -0.958590002247191 -0.0191731896359551 -0.0738115865407865 0.0864863265393258 -0.962514526067416 -0.955979192696629 -0.959327022022472
21 "walking" 0.862524800961538 -0.370984549423077 -0.220947960192308 -0.969576355384615 -0.964144520576923 -0.974939388076923 -0.0459323393842308 -0.0590294439942308 0.0983715930038462 -0.432232883846154 -0.397892316730769 -0.311875599423077
21 "walking_downstairs" 0.872683205555556 -0.356673289555556 -0.187870253333333 -0.940194827777778 -0.940111830666667 -0.916324556888889 -0.126388023595556 0.0162145300888889 0.148610020955556 -0.442148617666667 -0.353733478222222 -0.349759493777778
21 "walking_upstairs" 0.781177210851064 -0.432309617446809 -0.309735038510638 -0.940911635531915 -0.941523624255319 -0.932716253829787 0.062608688893617 -0.155622431382979 -0.00546829763829787 -0.53190941893617 -0.463136841489362 0.0517155421740426
22 "laying" -0.418494577083333 0.632484075694444 0.771903907083333 -0.928781249027778 -0.958826938556944 -0.952435389166667 -0.0208311371125 -0.09257231175 0.145003879319444 -0.956641905833333 -0.9618849625 -0.933251870694444
22 "sitting" 0.839305928709677 0.208553884 0.315551492322581 -0.972009988709677 -0.954225015274194 -0.927950649854839 -0.0360430675032258 -0.0793617444354839 0.0804426775241936 -0.981099172419355 -0.950173478548387 -0.946501417741936
22 "standing" 0.954064297619048 -0.226418773650794 0.0323824977714286 -0.992827298253968 -0.971080742857143 -0.958890201587302 -0.0275201762126984 -0.0690067688269841 0.0733466563174603 -0.917837043333333 -0.964714672857143 -0.96058251031746
22 "walking" 0.936096410434783 -0.259644937173913 0.0233780056086957 -0.969643448043478 -0.963639340217391 -0.955147847391304 0.0007771571 -0.0960880731804348 0.0775266594847826 -0.318537865869565 -0.486322106521739 -0.151439515130435
22 "walking_downstairs" 0.921820641944444 -0.222215179444444 0.0412987957222222 -0.941242334722222 -0.945824352777778 -0.906594023333333 -0.0779611213138889 -0.0697154455833333 0.0500708760555556 -0.237349190997222 -0.550303216666667 -0.280417950555556
22 "walking_upstairs" 0.889454382857143 -0.33682691 -0.0957978990316667 -0.94063384047619 -0.941620221904762 -0.913153632142857 0.13497880785381 -0.181458414495238 0.0157359244619048 -0.301491709628571 -0.489417908809524 -0.157758060642857
23 "laying" -0.391564962777778 0.438434067361111 0.918782825277778 -0.947948758194444 -0.982794562916667 -0.976780462083333 -0.0113399724663889 -0.105052917 0.111078594708333 -0.981849400972222 -0.959195236388889 -0.983920132638889
23 "sitting" 0.936509242941176 0.1217510625 0.0630111556279412 -0.984536722205882 -0.960917426323529 -0.923953600294118 -0.0472583464367647 -0.0684325551029412 0.0645673209117647 -0.980363734264706 -0.948109526029412 -0.9597186325
23 "standing" 0.919857125882353 -0.117401359697059 -0.223631180906765 -0.984610385 -0.984818648823529 -0.947199734411765 -0.0327397745133823 -0.0652264793213235 0.0816888999117647 -0.942011240294118 -0.948074760882353 -0.962389689411765
23 "walking" 0.939809688644068 -0.16176137 -0.160763360338983 -0.977230903898305 -0.966550706949153 -0.932981341864407 -0.0631156870355932 -0.0640197920966102 0.10770045065339 -0.494322648644068 0.25945722920339 -0.209634887972881
23 "walking_downstairs" 0.923711401296296 -0.110028841648148 -0.153671532259259 -0.950790837407407 -0.93901254962963 -0.905888257592593 -0.0578230190203704 -0.0853077464277778 0.0953602497222222 -0.416133032777778 0.213825552277778 -0.208702488240741
23 "walking_upstairs" 0.843438810196078 -0.214481808235294 -0.35593445 -0.933344481568627 -0.910474557058824 -0.902065910392157 0.0957940245941176 -0.111564389137255 -0.0325557522333333 -0.550664576666667 -0.293681861176471 -0.0317301153392157
24 "laying" -0.359292534027778 0.738430699305556 0.683839909722222 -0.960412164305556 -0.993454358055556 -0.979239668194444 -0.0143679929444444 -0.0955538053611111 0.111730746333333 -0.982651720138889 -0.960299550972222 -0.98170136125
24 "sitting" 0.919637604411765 0.182254651955882 0.109559621020588 -0.989660149852941 -0.971692544705882 -0.963406795735294 -0.0356229619955882 -0.0750132697044118 0.0800440230882353 -0.988111648676471 -0.977954005147059 -0.971277654117647
24 "standing" 0.96644228 -0.145201300942029 -0.0530585403536232 -0.992197591884058 -0.968155388695652 -0.94618494942029 -0.0278611511434783 -0.0692546674492754 0.077124614942029 -0.960738660289855 -0.967298518695652 -0.969958678115942
24 "walking" 0.95970108137931 -0.115116241810345 -0.140910029827586 -0.983132400344828 -0.962578844310345 -0.962822966551724 -0.0545126870724138 -0.0658435879913793 0.0972006320344828 -0.580597373275862 -0.487166280172414 -0.396154003275862
24 "walking_downstairs" 0.950883416727273 -0.128326710927273 -0.140123155018182 -0.961845327454545 -0.941478979454546 -0.942207718727273 -0.0867069010690909 -0.0542300245127273 0.111973650603636 -0.431919067945455 -0.484673524 -0.491077244909091
24 "walking_upstairs" 0.906369500508475 -0.237498409152542 -0.227134869152542 -0.962190567457627 -0.916690779830509 -0.934952938983051 0.0883163772152542 -0.105932947294915 0.0248290702830508 -0.577426408813559 -0.568534124576271 -0.27459628379661
25 "laying" -0.461102531369863 0.620658919917808 0.526353818315068 -0.829554947808219 -0.643578361424658 -0.610161166287671 0.00372723459589041 -0.0716401726150685 0.139718671465753 -0.889769639726027 -0.936630803287671 -0.91092799
25 "sitting" 0.865686078153846 0.208287142261538 0.167140956385077 -0.988879980615385 -0.963415016923077 -0.969459982461538 -0.0352052091230769 -0.0748002714615385 0.0852783892769231 -0.989907584153846 -0.981193501846154 -0.972637558615385
25 "standing" 0.929794733108108 -0.159316786486486 0.201182106486486 -0.993148267702703 -0.980642970675676 -0.967792578648649 -0.0247946750959459 -0.0698876853378378 0.0852685438243243 -0.971357421216216 -0.976757621081081 -0.971814139189189
25 "walking" 0.937483114459459 -0.127315870743243 0.188416273486486 -0.979499263243243 -0.965093441081081 -0.944995731216216 -0.0156305378067568 -0.0820768065347297 0.0867868736891892 -0.401158753783784 -0.604032097432432 -0.562775245405405
25 "walking_downstairs" 0.929627532241379 -0.0724270175862069 0.21879595837931 -0.964470066724138 -0.937816011034483 -0.92619169637931 0.00299112856551724 -0.101115076366897 0.0980750249310345 -0.288824754586207 -0.523377914655172 -0.443780454482759
25 "walking_upstairs" 0.927693239538462 -0.217641282461538 0.108230986684615 -0.950878450307692 -0.931758272769231 -0.882722399076923 0.0556121923307692 -0.109437658104615 0.0996227385527692 -0.489011794784615 -0.433673383846154 -0.564195608923077
26 "laying" -0.621309715263158 0.803015011578947 0.614523405921053 -0.944472488552632 -0.987887995263158 -0.984081708947368 -0.0170656239526316 -0.0903229228815789 0.152436344328947 -0.990328197763158 -0.979325678815789 -0.969302237763158
26 "sitting" 0.782955611794872 0.223105562025641 0.314387627435897 -0.965082925641026 -0.949286700807692 -0.944580863846154 -0.0370217449628205 -0.0840648503320513 0.0711109471666667 -0.991027700512821 -0.973444813846154 -0.966441338076923
26 "standing" 0.965460891621622 -0.140315421824324 0.0884142682297297 -0.992678782162162 -0.966986433783784 -0.964228470675676 -0.0245345837959459 -0.0731385762635135 0.0776706781351351 -0.973785111216216 -0.982408142702703 -0.974891360675676
26 "walking" 0.960647754576271 -0.133922185084746 0.108738699508475 -0.980055651016949 -0.969040314237288 -0.966231561694915 -0.00334085938813559 -0.0841507651508475 0.0851069247830508 -0.492885711355932 -0.57573544779661 -0.354549059491525
26 "walking_downstairs" 0.9467972718 -0.0799003729 0.1539063202 -0.9627219918 -0.9354258554 -0.9330817682 -0.010752208236 -0.1003822042168 0.082221399603 -0.33131291446 -0.4734080504 -0.3320502392
26 "walking_upstairs" 0.942095257090909 -0.246169656181818 -0.00199310572363636 -0.962011392181818 -0.937858157818182 -0.929636797636364 -0.0247950825654545 -0.0657601804418182 0.0721458973490909 -0.550274396 -0.603097110545455 -0.3090880546
27 "laying" -0.530434604864865 0.567879494054054 0.84539238027027 -0.971183862702703 -0.993701742972973 -0.989056311351351 -0.0195427328781081 -0.0957839566891892 0.118738360783784 -0.988837212162162 -0.98428747527027 -0.97837499972973
27 "sitting" 0.839464714 0.212947021371429 0.276417431042857 -0.982445738 -0.982553336571429 -0.967268066 -0.0371830822285714 -0.0797345645214286 0.0833752812157143 -0.988492425142857 -0.982067465142857 -0.975713310142857
27 "standing" 0.965351492 -0.188504847375 -0.00557416876082625 -0.994012162875 -0.97964105225 -0.968169953625 -0.026731653905 -0.067507120075 0.07168414632375 -0.9699020075 -0.982498991125 -0.981281807
27 "walking" 0.944759287368421 -0.187497034561404 -0.126210937305263 -0.979866136842105 -0.973792999824561 -0.956593490526316 -0.08558835714 -0.0365348163649123 0.118267750196491 -0.606860248596491 -0.529865057894737 -0.250120409298246
27 "walking_downstairs" 0.931380178636364 -0.166938774772727 -0.140047614122727 -0.946975165 -0.934963993181818 -0.920921521590909 -0.159826551905227 -0.0163131590545455 0.152695027609091 -0.363722908386364 -0.481813367954545 -0.257846157386364
27 "walking_upstairs" 0.868000278627451 -0.229278659607843 -0.294642640196078 -0.956433874705882 -0.947713378627451 -0.926675381176471 -0.0940344886803922 0.00212499391686275 0.140129855776471 -0.562461004705882 -0.587966800588235 -0.169960785215686
28 "laying" -0.490334541875 0.1440732745 0.0157570025 -0.970599089375 -0.9697590285 -0.97912466575 -0.017367705735 -0.097448733725 0.09357912315 -0.95516227975 -0.960057463625 -0.96237491175
28 "sitting" 0.907331309166667 -0.112596728361111 0.135402566816667 -0.989132499583333 -0.971766352361111 -0.956087679583333 -0.0339018030166667 -0.0673943850555556 0.087025401375 -0.979671983472222 -0.956316505972222 -0.9566328025
28 "standing" 0.948514848481013 -0.247656166582278 -0.0385830501632911 -0.990059426582279 -0.962801441898734 -0.951782181518987 -0.0253281543540506 -0.0739001646962025 0.0865173111012658 -0.884032232405063 -0.940006320126582 -0.925491442911392
28 "walking" 0.942930275555556 -0.229316151481481 -0.125912861222222 -0.976693902592593 -0.968780859814815 -0.944225031851852 -0.105896207861111 -0.0172822168012963 0.116065910925926 -0.503798624074074 -0.497684006666667 -0.242601384618519
28 "walking_downstairs" 0.929291680434783 -0.235897105217391 -0.121477255782609 -0.956921542391304 -0.948404212173913 -0.91705975 -0.141096309502174 0.00710564286763044 0.138622425584783 -0.268106330991304 -0.259368686847826 -0.307025006304348
28 "walking_upstairs" 0.854508231764706 -0.333223996666667 -0.265207858431373 -0.944697800196078 -0.927641087843137 -0.900514013333333 -0.129362970764706 0.0212250958019608 0.103720987705882 -0.518818227843137 -0.479319521372549 -0.189306812833333
29 "laying" -0.346789842753623 0.807535373478261 0.590452224057971 -0.972939889855073 -0.99424764884058 -0.98577817826087 -0.0258281004782609 -0.0761814357028986 0.127411971652174 -0.994276591304348 -0.992750957826087 -0.97499461942029
29 "sitting" 0.891563755166667 0.1556594569 0.286256063666667 -0.984679151833333 -0.973604289833333 -0.966032045333333 -0.0379271112333333 -0.0755797672133333 0.0580495969166667 -0.990178704833333 -0.988334019666667 -0.971227991666667
29 "standing" 0.974508732 -0.05848715356 0.0316145849747692 -0.996764227384615 -0.985134032307692 -0.984464543538462 -0.0276075573307692 -0.0721060679123077 0.0827583768461538 -0.977994819846154 -0.990364876307692 -0.983368643230769
29 "walking" 0.96237438509434 -0.127318078679245 0.0955792142264151 -0.978253538867925 -0.975272848113208 -0.945981437169811 -0.00795668167188679 -0.081960153154717 0.0856852236188679 -0.598868670943396 -0.181802636566038 -0.430232441132075
29 "walking_downstairs" 0.948486215 -0.0760962952291667 0.0919650454166667 -0.9417361925 -0.91390306375 -0.869300904791667 -0.0374126070957292 -0.0851045889895833 0.0822244074666667 -0.282077257508333 -0.390460137708333 -0.311122615416667
29 "walking_upstairs" 0.929258953877551 -0.227120125306122 0.0443786011771429 -0.954189013061225 -0.923007798367347 -0.858849467142857 0.0931989463020408 -0.152328112210204 0.0854318123467347 -0.323904731622449 0.0461103045102041 -0.37481514122449
30 "laying" -0.344737755285714 0.732661247714286 0.681459210714286 -0.979563942714286 -0.988930714857143 -0.983274524857143 -0.0267812218571429 -0.0761476351714286 0.0938472163142857 -0.973662822428571 -0.966041673 -0.968889156142857
30 "sitting" 0.825473836935484 0.114588392624871 0.34476602 -0.978364712258065 -0.959361306774194 -0.956635663064516 -0.0358426482048387 -0.074353558416129 0.0702002598387097 -0.988132669516129 -0.976477561935484 -0.955053200806452
30 "standing" 0.968556705084746 -0.100296804186441 0.0243044362542373 -0.996420919152542 -0.95814576338983 -0.949207368305085 -0.027613853538983 -0.0670334379830509 0.0802514754237288 -0.911408517966102 -0.94070541220339 -0.93083468440678
30 "walking" 0.965217551076923 -0.157673823846154 -0.00392556384476923 -0.979752466923077 -0.970176562153846 -0.943958420615385 -0.0459505355861538 -0.0649170927338462 0.0839568239261538 -0.387920593846154 0.00600277892 -0.182569652430769
30 "walking_downstairs" 0.958000491451613 -0.126710371903226 0.0288081674653226 -0.958890388709677 -0.918678752419355 -0.87766706 -0.0745591301759677 -0.0693112411951613 0.0895767797064516 -0.265923160895161 -0.285392416354839 -0.29537036283871
30 "walking_upstairs" 0.93182983 -0.226647292153846 -0.0221401100714154 -0.954033624307692 -0.914933936 -0.862402791230769 -0.00355974576923077 -0.0779606464676923 0.0814699303289231 -0.493837520761538 -0.0840481513184615 -0.211573579892308
